-997.497 127.171
-613.391 617.481
170.019 -40.2538
-299.417 791.925
645.68 493.21
-651.784 717.887
421.003 27.0699
-392.01 -970.031
-817.194 -271.096
-705.374 -668.203
977.05 -108.615
-761.834 -990.661
-982.177 -244.24
63.3259 142.369
203.528 214.332
-667.531 326.09
-98.4221 -295.755
-885.922 215.369
566.637 605.213
39.7656 -396.1
751.946 453.353
911.802 851.436
78.7073 -715.323
-75.8384 -529.344
724.479 -580.798
559.313 687.307
993.591 999.39
222.999 -215.125
-467.574 -405.438
680.288 -952.513
-248.268 -814.753
354.411 -887.57
-982.421 837.581
-448.225 -454.207
175.817 382.366
675.222 452.986
-30.1217 -589.282
487.472 -63.0817
-84.0784 898.312
488.876 -783.441
198.096 -229.53
470.016 217.933
144.81 -277.322
-696.89 -549.791
-149.693 605.762
34.2113 979.98
503.098 -308.878
-662.038 314.615
-16.2053 -872.921
399.518 9.6134
-705.008 899.167
-716.849 810.236
385.785 -393.902
-146.886 -859.249
933.226 366.375
-693.533 754.509
643.361 164.098
-617.298 -644.215
634.388 -49.4705
-688.894 7.84332
464.034 -188.818
-440.84 137.486
364.483 511.704
443.831 -49.4094
-753.96 -264.382
669.363 -929.807
34.0282 325.968
-147.557 -790.643
898.679 842.769
99.0936 -308.023
-56.5507 -250.038
693.96 -366.253
-87.8017 -456.221
965.941 -404.401
478.378 134.556
-608.02 522.63
678.884 -204.688
1.80066 780.328
-945.067 989.258
145.177 -898.984
62.6545 -611.866
686.087 253.517
315.226 -604.297
684.317 -753.349
-780.145 486.251
-371.868 882.138
-427.839 -327.372
-719.474 466.17
669.24 415.998
200.476 494.43
-494.552 -711.051
-996.765 -877.987
612.476 705.252
-578.845 -768.792
106.418 -971.496
-772.454 -90.9756
504.441 372.295
86.8862 -852.229
-126.56 -596.118
392.438 -419.294
-126.621 -535.142
155.736 65.1571
257.363 -679.617
8.27057 926.084
391.522 849.605
-620.106 -328.104
-643.3 990.356
-85.1161 996.033
-804.987 250.343
-811.213 -124.546
863.033 -903.134
789.239 -419.965
-545.396 538.133
-178.564 -596.057
256.142 208.289
-96.7742 -67.2933
195.654 269.448
709.586 657.582
249.55 441.817
131.504 -249.733
-631.458 475.814
110.263 810.175
-514.267 -622.12
209.449 397.015
169.225 -297.403
-11.0782 -839.229
481.491 224.098
240.761 382.244
609.058 -701.773
152.074 735.466
823.115 229.408
455.367 -913.572
335.551 953.063
-369.976 138.401
-388.348 -652.15
-782.891 738.09
702.445 488.632
-690.237 -346.171
-841.304 -846.797
281.961 640.004
90.1823 -103.488
-182.043 -402.509
-68.8802 2.41101
-694.693 -353.923
475.997 -372.234
653.371 918.149
746.696 450.057
-399.884 887.997
-745.537 -868.526
569.933 49.1654
219.276 912.229
-855.464 751.274
307.718 -355.754
-790.399 10.1017
-545.823 -419.416
839.961 102.329
325.602 -770.928
-14.9235 -241.737
-6.3783 586.718
18.5248 -235.267
376.324 64.3026
212.562 -209.632
-988.22 415.754
-798.761 246.132
726.493 -16.9988
494.675 -6.19519
-239.784 570.727
105.625 -285.806
911.435 261.696
-646.84 -251.503
-736.747 486.557
903.44 223.975
-944.334 -340.312
-888.18 278.42
-736.747 694.144
728.63 193.762
443.281 707.938
-970.641 -747.063
415.815 234.291
-564.867 -868.099
-662.16 248.207
-318.033 -361.187
-264.87 322.001
604.785 613.758
53.0718 222.205
596.362 801.203
-710.379 260.354
-195.166 -492.599
-726.92 710.379
-867.672 -144.383
146.703 -395.428
96.1028 -548.875
-377.3 -778.741
616.077 -730.583
-431.501 576.22
790.46 579.272
487.594 230.445
-277.749 713.309
-543.016 727.165
-541.124 -500.9
84.811 969.665
-892.392 -837.153
49.3485 -146.397
-810.663 -482.406
783.075 -534.471
-706.9 -749.809
863.277 -839.778
-905.82 -882.565
-327.189 829.402
-202.795 -134.434
892.331 674.368
68.4531 684.195
387.066 -204.627
-481.674 -991.333
51.1796 909.604
-202.612 -517.807
171.117 -489.73
368.023 890.561
-129.002 780.45
-985.656 881.954
203.101 572.314
153.356 -715.14
-555.345 -233.985
-991.455 -164.159
-835.505 319.865
710.196 -870.296
622.12 324.137
382.977 605.396
60.2742 371.258
-714.469 379.009
455.794 555.468
-937.864 737.358
289.041 413.129
-829.096 103.977
895.81 -882.443
-450.056 -709.647
963.561 239.967
-415.509 844.966
-264.931 389.081
-562.731 -688.162
-518.906 42.8785
804.56 -787.164
805.292 -116.55
-839.778 564.196
-656.423 948.79
551.744 740.776
-578.722 -86.7641
-992.492 501.267
-771.905 -190.588
-377.728 985.229
-922.849 -495.834
-621.448 -504.624
-692.984 240.639
770.745 878.17
-608.692 559.313
291.116 313.517